ID	Tet3	Gata2	Pou5f1	cMyc	Tet1	Sox2
Tet3	0	0.813	0.778	0.511	0.333	0.778
Gata2	0.813	0	0.511	0.784	0.78	0.214
Pou5f1	0.778	0.511	0	0.813	0.778	0.333
cMyc	0.511	0.784	0.813	0	0.214	0.78
Tet1	0.333	0.78	0.778	0.214	0	0.778
Sox2	0.778	0.214	0.333	0.78	0.778	0
